dropout: 0.2
lr: 0.00034155078872418507
num_classes: 5
weight_decay: 0.0003844956078584987
