dropout: 0.2
lr: 0.0004538505806144638
num_classes: 8
weight_decay: 2.8726799552672327e-05
