dropout: 0.4
lr: 0.002264289679143688
num_classes: 5
weight_decay: 0.00018759848656399163
