dropout: 0.2
lr: 0.0003538971289824244
num_classes: 8
weight_decay: 2.30797234288128e-07
