dropout: 0.30000000000000004
lr: 0.00018444017530005097
num_classes: 5
weight_decay: 1.5675745600739767e-05
