dropout: 0.30000000000000004
lr: 0.0006135283866505038
num_classes: 5
weight_decay: 1.3695405092094315e-06
