dropout: 0.2
lr: 0.0032916935636596186
num_classes: 8
weight_decay: 4.718749474079666e-06
