dropout: 0.30000000000000004
lr: 0.0020103620429377115
num_classes: 5
weight_decay: 7.762921119889427e-06
