dropout: 0.3440955644196739
lr: 0.0036638101217418358
num_classes: 8
weight_decay: 0.00010829587448117773
