dropout: 0.4196816446974162
lr: 0.0036767633826574205
num_classes: 8
