dropout: 0.2
lr: 0.0014187531411837182
num_classes: 8
weight_decay: 7.957570259547991e-06
