dropout: 0.30000000000000004
lr: 0.0013223871513544218
num_classes: 8
weight_decay: 3.6151992918454766e-05
