dropout: 0.4
lr: 0.00023680192065172727
num_classes: 5
weight_decay: 1.2076000130577857e-06
